\begin{table}
\caption{Pearson correlation between missingness indicators of all variables.}
\label{tab:co_missingness}
\begin{tabular}{lrrrrrrrrrrrrrrrr}
\toprule
 & SO2 & NO & NO2 & NOX & CO & O3 & PM10 & PM2.5 & WS & WD & Temp & RH & BP & SR & Rain & VWS \\
\midrule
SO2 & 1.00 & 0.29 & 0.33 & 0.30 & 0.27 & 0.33 & 0.24 & 0.28 & 0.28 & 0.32 & 0.29 & 0.36 & 0.23 & 0.29 & 0.10 & 0.02 \\
NO & 0.29 & 1.00 & 0.73 & 0.90 & 0.31 & 0.27 & 0.28 & 0.37 & 0.30 & 0.29 & 0.31 & 0.33 & 0.35 & 0.25 & 0.08 & 0.01 \\
NO2 & 0.33 & 0.73 & 1.00 & 0.80 & 0.38 & 0.36 & 0.27 & 0.37 & 0.36 & 0.37 & 0.41 & 0.42 & 0.42 & 0.29 & 0.04 & -0.02 \\
NOX & 0.30 & 0.90 & 0.80 & 1.00 & 0.36 & 0.29 & 0.31 & 0.40 & 0.32 & 0.31 & 0.33 & 0.35 & 0.37 & 0.27 & 0.07 & 0.03 \\
CO & 0.27 & 0.31 & 0.38 & 0.36 & 1.00 & 0.42 & 0.27 & 0.42 & 0.28 & 0.26 & 0.38 & 0.41 & 0.30 & 0.19 & -0.08 & -0.15 \\
O3 & 0.33 & 0.27 & 0.36 & 0.29 & 0.42 & 1.00 & 0.25 & 0.40 & 0.35 & 0.39 & 0.48 & 0.42 & 0.38 & 0.20 & 0.02 & -0.03 \\
PM10 & 0.24 & 0.28 & 0.27 & 0.31 & 0.27 & 0.25 & 1.00 & 0.48 & 0.20 & 0.20 & 0.20 & 0.24 & 0.26 & 0.22 & -0.01 & 0.06 \\
PM2.5 & 0.28 & 0.37 & 0.37 & 0.40 & 0.42 & 0.40 & 0.48 & 1.00 & 0.30 & 0.30 & 0.36 & 0.36 & 0.30 & 0.25 & 0.05 & 0.05 \\
WS & 0.28 & 0.30 & 0.36 & 0.32 & 0.28 & 0.35 & 0.20 & 0.30 & 1.00 & 0.93 & 0.65 & 0.65 & 0.50 & 0.55 & 0.19 & 0.21 \\
WD & 0.32 & 0.29 & 0.37 & 0.31 & 0.26 & 0.39 & 0.20 & 0.30 & 0.93 & 1.00 & 0.66 & 0.66 & 0.50 & 0.58 & 0.22 & 0.25 \\
Temp & 0.29 & 0.31 & 0.41 & 0.33 & 0.38 & 0.48 & 0.20 & 0.36 & 0.65 & 0.66 & 1.00 & 0.80 & 0.59 & 0.47 & 0.23 & 0.17 \\
RH & 0.36 & 0.33 & 0.42 & 0.35 & 0.41 & 0.42 & 0.24 & 0.36 & 0.65 & 0.66 & 0.80 & 1.00 & 0.60 & 0.58 & 0.19 & 0.12 \\
BP & 0.23 & 0.35 & 0.42 & 0.37 & 0.30 & 0.38 & 0.26 & 0.30 & 0.50 & 0.50 & 0.59 & 0.60 & 1.00 & 0.43 & 0.10 & 0.07 \\
SR & 0.29 & 0.25 & 0.29 & 0.27 & 0.19 & 0.20 & 0.22 & 0.25 & 0.55 & 0.58 & 0.47 & 0.58 & 0.43 & 1.00 & 0.20 & 0.27 \\
Rain & 0.10 & 0.08 & 0.04 & 0.07 & -0.08 & 0.02 & -0.01 & 0.05 & 0.19 & 0.22 & 0.23 & 0.19 & 0.10 & 0.20 & 1.00 & 0.31 \\
VWS & 0.02 & 0.01 & -0.02 & 0.03 & -0.15 & -0.03 & 0.06 & 0.05 & 0.21 & 0.25 & 0.17 & 0.12 & 0.07 & 0.27 & 0.31 & 1.00 \\
\bottomrule
\end{tabular}
\end{table}
